753
3393
242
2407
1209
3311
2315
549
298
3126
1961
2077
2320
2323
695
1032
2153
3116
66
3091
582
2689
1383
54
1053
1231
1278
890
758
3290
1351
948
8
3259
2624
3028
620
1802
1884
3335
3283
2900
2781
666
1959
1671
1159
2024
2640
42
160
2649
2588
3153
2095
2481
1953
1152
1308
1374
440
2344
930
1336
742
2586
2663
754
3314
2450
515
2208
3275
2423
985
2443
2465
2052
323
2705
741
63
1895
203
1511
1320
1958
1840
2639
528
3383
115
1284
2458
2071
2126
2531
2215
2536
787
2947
1554
1836
2627
1121
2753
269
2703
832
2651
3039
1381
2233
788
1768
1079
46
1881
2757
969
936
1797
2873
3442
686
2471
3156
867
1638
3331
2368
1933
1539
1935
2719
1042
2048
26
1076
992
59
2314
509
3005
1890
2085
979
667
2098
1863
3358
1222
3108
2342
909
2062
1068
1344
1493
2776
2324
2296
1990
1165
3233
1955
3322
630
3333
1313
75
239
1754
2081
3024
3165
1944
251
2521
2258
1710
1306
1179
2210
618
3093
316
2013
2421
10
88
1969
1255
1922
1563
2638
2269
1240
2527
2306
656
482
2921
3189
966
801
2096
1113
2211
272
1262
2526
565
2354
1945
1543
2111
17
3186
2635
1676
2591
201
2905
1803
2228
2372
2179
392
1239
339
1713
2331
804
3225
208
2497
1151
397
2070
2566
3066
1734
1654
580
1726
1681
817
68
649
109
2629
843
1328
2058
534
1632
1970
2666
2352
2265
178
757
3098
3349
2507
3034
1880
3203
2954
3150
2281
978
2312
1329
900
1481
1110
318
1420
697
791
2885
3217
655
472
567
2613
1462
2479
297
1892
2998
2615
182
818
1834
3312
1999
870
3170
2239
268
2604
293
1486
3069
2912
1220
267
944
2145
2118
1932
964
947
2632
1257
3249
1193
1143
191
2144
2736
939
3104
887
610
2759
2738
2327
1495
2698
1761
3274
3230
1678
653
49
1311
1848
493
1403
2771
1274
1679
1043
2745
2572
1237
3058
2695
3404
1393
3088
506
1714
2355
1412
320
410
636
2290
893
2499
145
1590
1349
40
1280
841
3072
3300
2662
1850
2087
1813
1966
444
2600
3400
1749
659
2685
332
434
598
665
568
1931
1605
232
2010
3288
523
790
3007
3120
3101
799
2044
1782
1975
1046
854
163
1044
2747
612
530
2485
2394
664
1317
2833
132
3323
2960
47
2697
2201
3097
1074
3110
3362
2835
3064
480
1518
960
2559
699
1738
3306
1106
2193
2775
405
2131
2183
3219
3107
1364
2155
3222
416
112
3152
2977
597
2511
514
2420
325
206
1439
642
2204
3390
123
3341
3011
2055
1756
2980
1522
711
1852
2318
2938
2880
599
2447
1252
3223
2358
891
2334
1456
1318
415
1060
2529
1355
2636
2392
3264
1186
435
3425
2544
3213
761
673
1650
995
928
3096
2207
1875
3008
2112
1888
2948
2431
769
1861
278
2603
2943
391
2424
1140
629
884
1607
1697
1589
2402
2032
2083
994
119
221
55
2351
999
1378
2834
3430
2850
78
2433
2226
83
1995
554
592
914
546
1835
2772
540
1700
1773
1592
15
531
3291
139
1843
1900
3133
828
2063
504
2021
2890
1371
3327
603
967
1388
1817
2146
3067
2585
2049
3254
564
1845
2061
1504
1844
974
925
202
2375
3164
2974
2367
45
3074
1418
704
2620
1472
1806
3365
768
2016
2528
3294
1771
1921
301
1335
90
2733
1187
142
1153
2897
1722
35
2150
1102
64
2869
2185
1594
150
1005
823
2990
657
422
2462
3337
3146
522
2504
532
2117
1183
3045
3229
2656
1454
2079
450
458
1265
3136
3241
13
2919
1600
2592
1406
990
1581
965
2475
3041
1578
2045
1075
587
2072
2564
2244
3212
3050
107
1648
2735
877
3405
556
1010
1869
2308
1853
2298
1026
2025
2737
527
3119
1389
1444
2821
1645
1270
579
375
1463
3410
2846
2874
2625
1003
387
3159
2645
2616
2039
1084
3317
3403
931
80
511
52
238
3329
1496
1450
1482
505
1096
3145
1565
1012
3369
3193
495
2968
2819
1885
840
2000
289
431
1717
134
279
1295
660
1478
593
1103
2714
2082
1407
2505
2255
1720
2321
2125
1544
1580
882
1457
2523
1718
261
2231
3198
1028
871
1796
3073
311
1460
1133
3289
694
1937
1233
286
1271
2895
1489
1786
1338
3297
1394
2495
2080
631
2756
1809
1500
1385
2223
70
1069
2581
541
187
2270
3302
2750
2679
2192
1988
1824
1204
1304
2884
2779
1279
2693
770
734
2712
3298
1941
1382
2474
1854
2933
3183
2644
2297
1653
1099
196
2813
619
3149
3081
1425
1206
1433
1630
896
1321
2217
165
2766
1570
3379
333
1384
668
1449
1314
808
478
2579
942
1085
3326
2867
737
613
3128
2218
235
3020
632
3418
706
2964
2787
271
2284
1219
101
1561
2713
1758
2606
1267
2234
830
2267
1831
200
3084
680
2925
2955
216
346
2762
2811
1158
3361
3354
508
996
2953
1421
1790
2309
356
1689
174
2026
725
1142
33
1907
2378
1507
2106
2758
729
1300
2503
2467
2823
94
2091
685
2073
674
1396
643
2149
3023
2887
906
827
248
1326
2047
484
1947
2251
3014
3258
2509
1128
678
2633
2011
1694
2184
2881
1062
463
1827
2018
1928
2214
1324
3413
1215
2576
1136
1985
2939
2476
1073
2716
3158
879
935
3135
633
1641
1259
500
220
1198
2191
3287
3176
1537
2941
2019
3080
2276
1965
3192
2970
1791
954
2168
3396
2548
1174
106
3017
1319
3220
1196
2225
2812
2188
1019
1739
2782
779
560
2824
1107
433
3042
2004
2230
222
1839
39
1234
3106
2515
2104
3059
855
1447
545
3373
552
1224
1601
270
3125
644
2951
295
2489
789
2164
2926
3006
454
658
3037
1397
701
87
1787
1236
2872
264
428
2911
2400
1742
2552
197
1753
2904
1002
2335
3325
2099
1910
1740
1950
940
837
32
227
608
2376
617
2482
396
559
5
641
2260
798
1515
1192
1497
122
28
1622
2961
309
1501
682
2275
2722
2568
1041
1301
1029
408
1862
72
382
1846
1410
1184
2519
2299
1847
1919
2370
11
1762
609
991
1807
1585
2765
2002
915
732
1226
2780
3000
2454
1896
586
1977
883
324
2798
349
2899
2133
1793
1172
299
186
393
1109
363
322
2842
3384
159
2682
2373
1832
3090
971
3422
254
1889
2247
494
1223
2116
462
445
2851
198
1744
2272
1498
2791
2292
825
1596
3208
771
547
2687
1350
1065
2915
1048
2404
1823
2287
409
516
1616
263
3308
693
137
213
735
1614
3166
902
1613
2984
3235
1838
1315
3439
897
24
425
2602
2761
158
2773
2128
1979
1011
2337
1828
2325
3364
1466
1057
989
1993
193
1035
2877
228
611
1814
50
2907
21
1401
2809
1855
1443
390
1691
1038
3334
2406
1725
1246
3281
2442
2916
360
3185
2673
1927
439
2875
2987
3065
2906
2139
233
2702
2449
1431
2377
1737
2605
486
1141
2642
1926
2069
1386
1292
3140
1061
1366
2664
1856
2724
2163
1877
2598
378
57
2665
623
860
2466
1473
2853
313
3244
388
2001
3129
747
3261
1750
2861
1058
585
1341
1144
2981
2127
1416
3
722
3032
1114
1365
2196
829
3227
169
1800
621
2571
1025
1380
1059
2742
1312
1915
3421
836
2346
1542
1866
331
1615
1045
602
760
2936
2551
419
2929
2669
2438
558
700
19
3061
2856
1684
2266
2241
2634
36
690
793
3099
1147
1323
138
335
1013
190
2491
835
2949
1811
1825
1574
3252
1266
986
1530
1050
1434
1123
1149
3057
743
1837
166
1178
2242
161
2076
2710
2965
2043
1235
1608
853
1190
3374
315
2343
1830
576
1080
3151
2461
1258
1249
1333
2995
740
2717
1362
1513
