4353
1139
2698
2888
4688
7388
1434
2134
4830
3037
3160
7201
4950
6544
4909
6302
2415
7065
1375
2996
4935
2182
3173
2804
2974
3508
4347
4057
7123
3013
67
2621
1965
1125
2141
3622
6897
1199
1429
2740
2480
3361
2232
1245
4958
6761
2481
4674
6589
2300
3022
1719
4284
1256
1547
1045
2697
4536
1393
4873
2875
3204
3548
2266
3566
4809
2151
1418
2737
4453
7018
2256
6256
3510
2909
7569
7579
4228
970
1173
6275
2662
3334
4739
6973
6866
5992
3085
2808
7628
6783
2127
1370
2939
6297
2275
1441
3403
4704
4612
561
6314
1525
4322
1421
4856
6503
4007
7322
3495
6891
4021
4569
3522
2029
2930
1128
149
3908
2476
4409
181
4631
6494
1253
2831
85
880
6916
1361
212
3147
1956
7203
6821
183
2705
2921
4871
2971
3381
585
2164
4563
3603
6800
909
4531
3701
123
4827
2306
513
4926
2983
3677
6234
7149
3471
3322
2568
548
4590
2607
7619
4876
1561
4458
2347
6223
2008
4519
4719
954
3098
1991
6869
1091
4828
749
1533
4351
708
2811
2902
1497
3107
6523
6578
1515
4937
487
624
4811
7227
2319
3269
7074
2729
2122
2463
4148
3377
2929
1202
2911
6482
830
7208
1332
2486
1134
75
4542
6557
4795
2055
2815
3740
3630
6561
6512
6822
3391
6226
715
1449
4432
2727
4247
847
6704
4317
4676
7058
2583
3615
7122
4344
6215
760
581
2488
2343
3122
7017
2944
1073
512
5426
3221
2482
5611
2709
7240
6808
3158
557
3285
1252
566
6559
1028
6231
7248
2469
3134
1201
6752
2922
2562
3110
7011
7087
1488
1213
1514
3153
7031
3521
7366
3194
4957
2546
4850
2384
3704
1504
4749
4729
3386
6909
2070
1865
1858
2714
3572
2842
2916
3046
1385
6266
1483
1946
4659
1408
5254
951
3434
6508
1254
5333
2826
2522
4788
960
1170
519
3100
902
2961
3103
2879
7186
480
560
7353
5503
6785
1524
2121
4738
2761
1944
2288
1678
544
874
868
3138
6730
7359
3472
6807
4279
4938
2757
4071
3161
6619
2316
5422
4586
2822
6729
5312
6547
3337
773
1955
7380
983
2398
4639
2290
4923
854
2066
4574
1997
1147
989
40
4358
4352
1998
1453
3579
4101
142
71
3404
6735
852
5188
2321
4029
7344
3262
7567
957
2318
3121
475
876
4220
6463
2694
2738
7623
2854
1274
3039
81
4209
6516
116
2648
2982
2906
481
3964
4783
4915
34
6510
2567
381
7041
2549
4655
3803
2515
4962
2538
877
2723
4508
1632
3329
3211
1069
3926
4644
2177
1948
6137
4604
4752
2742
4376
4603
1439
2777
7378
2846
2487
4899
2810
1310
3435
4429
1399
2412
6640
1248
215
1738
7139
1104
4518
3397
6511
1084
5392
2042
4430
1081
4421
1953
7224
1209
6225
223
1954
2785
3375
6313
4903
1263
2168
73
7367
7284
2125
2213
3009
3267
1519
6830
2758
3232
2056
3571
3078
4018
6035
3498
4486
4382
4662
7188
835
1047
2743
1934
996
6080
940
1191
4687
2596
5797
4708
2848
6267
6994
3552
4829
3442
4088
6286
3416
3263
206
7364
6518
3969
2615
1972
4641
7391
2836
2342
4922
2931
2363
3124
3328
3512
7086
7591
4886
2052
4566
2991
6395
4510
2574
4878
7335
1960
2936
2076
2303
2874
6799
4452
4802
5382
4092
2265
4854
3565
4160
2795
3476
4465
4768
3410
3635
4759
5442
2385
1350
129
4698
991
6594
6757
7566
5715
4932
2196
1480
2132
4866
4571
2034
4199
947
878
3092
4637
42
1009
3119
4295
2998
2917
3083
2328
7133
7382
6504
7097
3230
4
4305
2037
2786
2867
6653
3371
4888
1306
1931
4917
3607
4169
6390
2223
4349
3136
982
4965
13
1974
2061
6551
1168
2584
4472
2792
2067
948
4361
2405
499
944
3060
3185
4395
4944
2225
2395
4858
2018
130
2143
5302
3518
1155
2937
6880
2617
1037
6649
6726
7354
7083
6146
4544
4901
7108
3292
4289
4342
4476
3887
7331
52
4418
4777
3616
6624
4369
4660
1000
3364
3596
2796
4806
2249
163
3189
3118
2744
767
3358
1198
4477
3789
7573
552
1272
600
2618
2124
4075
2599
6519
937
853
2356
6826
2558
2734
153
1066
3588
3343
7601
4004
4371
783
2713
1463
732
1432
1521
2643
2773
914
4933
3288
166
3245
1971
2104
6115
4479
1633
4740
4870
4966
3012
972
5234
3643
1538
2925
4951
1212
3718
6218
1044
7259
4942
1897
1186
4921
7368
4362
2631
2654
1364
3348
2458
1341
2083
4733
832
2827
981
4426
4773
4223
1057
3597
2885
1093
1087
1262
4608
493
14
6765
2963
2889
7229
7207
2214
1275
7231
1237
6247
6242
7081
1697
6715
555
3281
6614
31
1208
5224
4837
2242
3057
3793
3602
4705
1182
4879
1258
6657
987
1159
6706
1108
4386
2898
1352
6884
1319
1522
2901
7554
7138
1291
2864
872
3062
4293
3661
594
470
6413
3034
1937
23
6790
4266
207
7282
6669
798
2470
2790
4904
3562
4577
2197
3682
5599
6335
4427
1949
404
1074
1123
180
3278
3590
3163
1981
2787
3398
3069
6846
3175
3965
32
4645
4109
6311
6689
3479
5060
1966
3099
2466
3273
3306
4843
5331
4869
6620
3484
814
1381
3011
2832
7581
29
4183
3298
4672
2047
4163
5395
35
3024
7194
1011
7369
3418
3280
985
6290
1355
3180
907
1224
5345
4954
1511
7211
482
2305
3514
95
4771
3647
1148
4627
1458
4527
3469
965
2563
862
1030
3165
2431
3826
4748
2517
6036
7277
4364
2079
2502
4152
4592
1038
4808
216
4547
2905
7072
2894
568
855
39
4200
3054
3179
1951
2679
2707
2394
612
2686
4229
3191
851
56
2072
6568
1244
750
3942
6772
6291
1115
2161
2357
2146
5227
6753
7220
3595
1247
1473
7559
1405
7162
2677
4513
3888
7530
520
4416
4934
2690
4204
4694
3154
4727
2155
2682
4751
4743
1040
526
5397
2437
4905
3075
2019
7589
2337
1189
2772
468
6773
2741
5384
1977
7126
4396
7249
4107
199
161
1442
3023
4717
4896
3710
1090
1133
2784
6920
471
4270
4528
6546
1377
4205
462
6813
6113
4947
7012
2219
2870
1042
6712
3311
7088
2529
2918
2718
423
2478
2011
1269
1716
7140
4175
4467
7215
3166
2638
3015
4464
4339
4303
6648
3242
3014
7105
4725
4862
911
7361
5508
4765
3315
4461
6452
6411
1989
479
1675
6926
6486
6768
108
2396
4260
823
6793
2592
784
2416
848
992
2837
2230
6749
2735
2770
3406
4707
3010
4794
4237
6801
2147
7613
18
3431
3027
4367
7250
4227
7196
90
489
2459
7234
1378
1407
2556
3084
6353
3805
2597
1452
2722
457
195
2820
36
4165
1005
4543
1268
3808
6438
504
1238
1345
976
434
2017
2204
7043
2291
6298
7562
7316
964
4653
6907
904
3001
496
4142
2413
1929
7013
5977
3094
2553
6301
3237
1501
4741
2692
4149
3196
4677
3629
2397
7574
3869
4636
2498
3006
3142
187
742
2805
3480
2200
4767
3265
974
7157
6530
4735
6747
2828
1083
3582
3234
5721
4208
7389
2237
1088
2651
1143
4819
2497
1100
4742
2608
2882
7214
3243
3246
4554
538
1303
6300
771
1117
9
3895
2520
5962
1419
1316
2322
7090
7632
490
2959
6276
4276
4499
488
79
2825
1460
5487
3966
7620
6497
6537
2667
3228
1523
7552
2955
1172
7357
138
1184
4375
2680
6805
915
2977
7053
4070
4233
2598
1366
4299
4522
3223
4473
1940
1973
4594
2129
5774
7273
2779
1094
547
1368
2575
3111
7028
2045
2935
6782
6990
1157
3804
3967
2774
6623
963
781
660
5500
4069
4393
2891
6305
3255
3093
5753
3104
1049
5263
2630
2678
2726
3164
143
973
6316
4000
903
4666
1014
2258
2544
4377
2162
3283
2560
7153
4924
7376
6536
6239
6635
2928
2264
1665
2767
2552
2479
4859
4756
6815
6358
5501
1312
2750
2095
3721
3983
3927
3108
1927
2626
6595
5782
48
2627
2496
2588
461
4297
7571
6464
2103
7341
4701
1572
1032
4282
1126
505
3331
3192
4039
2541
30
3886
2152
4112
1728
4897
4540
2154
7079
3167
7237
6577
66
4758
4929
3116
3610
3095
554
935
4020
6418
1149
4381
3070
4507
7346
4668
2215
6895
5922
4867
1204
2039
4262
1072
2439
2049
2254
1164
1231
2014
3419
2153
3195
1043
2533
2644
928
4647
1321
4865
2352
445
1374
4798
2233
4368
4908
4442
3659
4791
6935
2696
6235
4851
1153
834
4325
7148
2984
3613
3727
6328
4883
2064
4817
4964
4846
6309
4399
3564
4568
2768
1152
3033
4145
6654
782
4296
5525
3882
2953
3646
6294
4533
3227
3052
2391
1293
4898
1206
1961
6583
7093
7621
1923
2590
6693
2652
3385
2068
4872
7570
4833
7546
6743
4678
7328
3600
2217
4511
2985
1004
5851
3684
2781
6044
1970
6590
4394
1175
1135
4578
2731
2748
7272
4572
6621
4841
2840
2346
3021
3998
2994
4414
1346
4766
4650
3399
4928
1530
2700
1026
1013
7385
4318
2485
6797
3626
7334
2966
6721
4420
3696
1481
7383
28
5347
4168
7132
4848
2600
1454
4496
2851
551
584
4370
1235
1772
4401
3152
4722
4913
925
6481
1016
4754
3715
2923
4216
6502
7390
2794
6779
1906
4026
4573
4139
4941
6600
5458
3130
1136
4332
3733
2535
1492
197
2915
1353
3061
6732
4757
7602
4700
4936
2884
958
6393
1203
6597
6677
135
411
3896
2960
4373
6351
7603
2255
6264
1994
4263
3689
4315
2294
6563
1486
4082
2673
2914
63
451
2710
2625
1535
4696
4949
2365
7483
4844
7549
4805
820
4226
1119
2366
4219
1105
4822
4495
7261
2187
1342
2301
4786
2245
545
2603
734
6250
3145
2140
7098
4595
5354
3059
6986
843
3120
3407
1489
2857
6567
7175
953
2314
1246
2733
4559
4327
2636
2640
7066
4093
7052
3114
4410
4549
4750
2746
6758
2474
2797
2144
3527
858
883
6477
6499
6054
2819
65
4526
4916
5318
3938
7625
7556
6601
2872
1597
7387
2539
4615
575
1002
4565
4780
2762
3450
2257
3109
3633
2587
2293
7373
4558
3531
6665
4770
5315
2081
1130
1174
3481
4417
3067
3030
2800
7238
6333
2501
801
4170
3544
2669
1983
4596
2736
6229
2543
1386
2986
3212
4946
4356
7379
4474
1509
1179
3451
4714
2537
5317
2116
2657
6574
5414
2764
3209
4184
2360
1402
4423
3637
2126
2704
6356
890
2181
6592
2057
2078
7063
4960
6776
4836
2508
1161
3830
4307
4633
2097
4570
2310
3063
127
1
2833
4845
559
3413
2747
1067
3053
5704
7355
2573
3511
1039
4424
2926
5339
4882
2506
3079
3438
3599
2616
4292
2304
737
4015
4176
2139
1019
6299
1190
1896
4764
2193
4385
4132
4821
6430
5496
2263
3008
4963
7221
6283
2216
1218
1941
4241
3143
1302
7006
6796
1219
4469
1962
2880
2142
2577
984
1070
4435
1138
7392
3102
6560
7286
2975
7337
4607
2370
6307
7343
7
6543
2958
3146
5428
4778
2655
1243
3382
1071
2090
4567
7595
3997
3326
5937
7268
2606
3378
4884
3086
2976
4614
4967
418
1338
1270
6493
1493
6737
4609
1387
1683
4744
2003
2855
6668
4945
3089
6240
7393
22
6277
1532
1354
3274
7585
7597
4285
1146
3688
5444
4359
2180
6221
6013
3258
3545
4350
7285
2969
7169
4449
7583
4447
6746
1415
1438
4732
930
1080
3817
131
4952
6999
1315
6630
3912
1461
4931
2847
6719
1476
5802
4838
2838
3129
1137
4663
6274
6579
2043
184
3032
1436
4657
7005
4718
931
4804
6829
1394
2375
2843
6900
7580
1299
3058
1926
4552
3026
2376
3249
1343
101
3516
6562
1804
4779
6303
803
6257
1048
2845
1017
4398
4252
5772
1985
3816
3003
5365
2806
3584
3016
4433
1968
1063
3043
3077
1021
2477
7069
4731
6522
58
3930
1193
6444
1528
5899
2688
5450
4311
2973
57
4248
2570
7152
927
4122
2664
2844
458
4721
2580
6945
4019
2653
2131
6787
3066
5169
1079
7550
4652
2712
2839
3017
3801
1095
6673
4257
6859
6727
4675
2007
2776
2009
4825
4925
4194
4454
2639
6921
2866
1055
2895
1466
3271
76
2676
1980
4702
5784
6633
4336
1062
2881
7102
3133
988
6788
6549
975
6584
1154
881
3096
2766
7067
4334
1490
2720
3839
4114
1992
7159
4912
6237
6564
1010
4457
204
2798
4445
6349
809
2341
6824
6806
4695
961
486
1427
4203
2780
2721
905
3050
3091
4683
1470
2089
2160
5994
7347
4478
2228
6604
6255
3736
1673
3929
2278
2001
5337
4172
6901
467
2080
6655
2195
2801
1933
6262
4539
1099
721
4378
3694
4762
4500
2685
2582
4863
1177
7609
6959
1969
4726
2841
2190
6976
2633
4853
1334
3132
743
959
5157
4550
4665
3252
1567
2634
6224
1372
6233
7593
4475
1098
2689
2130
6369
3125
1367
1500
7170
1304
94
6611
6292
5971
3051
1382
2227
3029
3962
2417
2010
1398
2058
755
2824
2438
6766
4365
2317
4354
78
3019
7212
2760
1110
3720
6329
521
6011
4348
6312
2175
2381
7459
929
3751
3068
2999
7104
7209
4551
1308
3737
2269
1279
2771
6340
4810
3055
4943
6206
1188
484
5409
6688
5520
2813
4111
3159
3788
4288
4699
4706
2817
2591
2719
4789
932
2406
3044
539
6792
3559
172
3675
1287
4634
3570
2176
4894
3251
6810
6288
4102
3155
6607
6956
3097
3971
1200
3226
17
4948
3247
2172
6781
2850
4187
2989
1520
1052
2338
7608
4868
2979
3330
6828
2107
2296
2703
6319
3002
1035
7578
7030
3766
910
148
4506
7564
6629
1995
2962
7527
6694
3025
3541
2943
3395
1061
7078
3072
4955
6949
4656
7568
3611
7561
1217
3580
4516
2759
2816
2456
3779
2890
3197
2170
43
4640
1249
3844
4483
7266
2919
2547
7547
3941
7616
476
523
4300
2622
7042
3578
6663
2220
2589
1686
7588
6691
4214
3867
7345
6612
1167
3
4651
219
4100
4823
542
2483
6971
3429
4438
2755
1389
1018
6742
7565
1127
4186
4355
7329
4392
3123
1578
1020
4490
5297
2695
4239
2273
1904
1171
4460
4715
2749
2492
3946
4796
2239
6661
4961
4670
5751
2548
1475
2085
3486
1526
4587
190
5761
4157
7116
3157
3687
3865
3384
7166
1295
875
4466
2136
7629
1356
4684
4618
1207
2899
7068
514
6321
980
6406
1467
1323
2569
2566
3156
2500
2869
3427
508
4832
7264
7164
3225
2903
6244
7213
4314
1116
2834
867
849
3506
5373
3295
528
1327
3952
3176
1225
2559
922
1285
3240
7381
2579
5321
3303
2526
6222
1506
2184
1113
2752
2401
2462
2509
6598
3693
1277
4690
3087
7101
2110
2467
1335
1764
5408
2938
2038
5964
16
5990
4278
4403
5952
3040
7242
477
4776
6889
2910
1230
6281
4002
6710
2312
2601
4629
2706
498
4437
6991
2965
1059
841
6376
6572
4911
3215
4625
842
224
4498
1278
956
2912
7160
7375
6483
1984
2510
4462
4455
6972
2555
1144
1251
26
4096
3373
2763
2613
6652
2211
1178
6733
1357
6381
4444
2724
2531
7046
7352
4246
492
1229
3860
3065
917
5389
943
174
6052
2623
6720
3539
3177
2115
6538
4682
4914
2788
7225
6379
2594
1033
941
3921
2062
1950
1638
1990
7118
7386
1314
3853
2512
3018
3379
3783
1518
3144
4847
4763
3866
2859
3561
4275
162
3036
2956
2087
2619
6308
4487
2247
6770
2077
2610
6278
7223
7356
2550
541
1281
3148
6903
3604
7627
4581
2863
2896
4524
4538
3669
6603
2978
7283
546
4807
4338
5891
3575
779
4890
1008
7590
6750
7271
157
2803
2065
4864
916
1227
3207
4363
4613
4491
3592
7150
898
2814
1158
4816
1181
4155
3005
4875
535
3567
2849
4953
6322
3554
567
3943
6817
88
3614
4520
6534
2702
6645
807
857
6740
3202
2179
6615
3748
12
3210
7280
4387
6282
2756
2645
3000
4782
6613
1156
453
3248
7351
6047
1076
4703
1431
863
2557
7348
806
6744
2532
7615
2945
171
494
1022
7195
7171
1163
2670
7092
2521
556
2505
4840
3828
3224
836
2523
977
2073
4321
500
1058
3477
156
1192
2701
446
491
6270
6509
897
4575
1938
104
2683
1086
3577
3492
4781
4588
2373
47
4031
1925
4283
2174
7114
430
4606
2668
6819
5342
4626
6871
1932
4450
1516
3543
1301
4309
2862
3692
3088
2823
3181
3530
4065
6728
507
2442
3383
7274
6769
2484
2096
6447
2540
4646
2693
1943
4734
3222
1214
4620
2754
2315
522
5454
6731
1363
7115
3459
51
3056
4792
2649
1140
3553
2988
2687
2026
1267
6238
178
3047
3526
1106
6606
1046
6723
103
6045
2997
2620
3605
7258
4428
2990
3038
2992
1445
5499
850
106
4831
4197
4485
2970
2883
146
4545
527
2681
939
4116
3916
2728
6588
6306
2241
6087
1007
1036
865
5232
2199
3712
4397
4217
2585
2886
3076
3297
4493
1424
4790
3168
2732
856
6617
2222
6587
2927
2858
3606
2900
6699
6848
1255
74
5680
6327
3284
4251
6097
4692
2807
4033
825
4680
1324
900
6315
4910
5424
6940
5261
3201
2907
6232
5352
100
3257
455
3984
2614
4256
844
3198
6370
2765
6505
7038
3699
1102
2270
886
7106
4541
4787
4855
5985
6246
3307
4049
1145
139
3272
4661
2514
3049
4162
3517
4930
1939
831
2892
1112
3105
6834
3219
2185
506
6947
1185
4313
4579
2332
1240
4784
4471
4294
3695
4415
6219
1162
4120
901
5416
2167
3470
1585
6786
7044
2642
5847
6918
4012
6422
3045
7026
7374
6220
1092
3950
4761
6684
2169
2359
2292
5927
4268
2660
2993
3190
6468
6527
873
1211
3261
2691
3342
7260
3446
1196
4760
4591
1259
3534
2518
2166
4919
4673
1397
2659
4298
998
1840
1239
4893
2320
702
888
7372
895
3350
4956
134
3672
98
7611
4124
3254
3235
2604
2425
6529
979
72
3951
2656
7332
1077
4907
2878
4230
1056
4712
839
1064
1096
2158
1078
3193
6022
2511
2852
4861
2897
6228
3502
1331
2524
2647
6582
2333
4585
6639
4324
2554
2236
4658
2054
7120
2957
2578
3287
6450
4345
2708
3619
115
3792
2751
1165
6217
4515
5364
7045
5386
6254
3412
2913
6462
7192
4693
463
6558
819
3004
3489
3296
6637
1477
4593
5981
7232
5773
2602
4857
6610
7137
4005
2024
1266
7576
2023
2802
7254
3031
891
1296
1142
1234
908
1060
2041
1531
4900
3253
205
2595
3080
6492
6738
2941
2372
3546
4664
2628
2665
2632
3903
6586
5951
2861
2782
2246
933
4151
7244
4681
3325
1029
1195
3835
2465
1109
4210
3658
3162
4772
1215
2612
7037
4191
4103
4561
2809
741
6524
1054
3917
179
3239
6998
4562
6751
1025
792
3090
4201
3151
6930
2022
2739
3020
531
464
4624
189
3466
3623
7142
2118
3270
2793
1132
1663
3082
2666
2871
4280
4492
474
5553
2088
2138
562
2593
1824
7558
4697
2946
966
1034
802
5294
7055
4691
797
2234
5119
4290
3400
1792
1194
4411
1790
3220
2868
648
3305
2818
4249
5009
4459
200
536
6678
1468
4308
3585
4630
3421
7548
164
1571
2661
525
3101
1160
6271
2128
7080
1089
7572
6342
3206
7253
6736
768
4610
2473
899
3135
198
2576
2407
3500
3217
132
4834
3213
495
4144
3387
1183
4446
4085
7587
2572
3639
7172
4812
4319
7563
1307
4521
4064
6056
4463
4512
2887
1987
502
2799
7582
4920
3574
1131
2942
7599
3178
3513
887
1839
1391
1261
4164
4250
1964
5029
6261
6888
2551
1210
4689
4736
4797
1129
7023
7362
2860
6269
2812
2920
2327
1376
1284
2629
1236
3188
4710
4709
1930
942
3064
3028
2829
1446
7358
4422
3765
7557
3631
2493
4525
5480
3137
6671
3747
6581
3139
813
4927
2933
6241
3883
5484
2513
3291
1166
2050
7197
993
4073
70
7121
4234
4616
3560
4679
6784
147
6646
2835
795
120
7294
2853
4173
4380
3276
2717
1012
2145
4215
1409
4143
6791
3081
2980
1999
1513
6964
2165
4130
3746
2646
1594
2972
3714
4793
6775
1462
6725
893
1053
3244
2069
110
5284
1176
4622
1963
571
2101
2261
6763
752
1329
1413
1097
5313
3279
3782
4669
4534
3773
3172
7551
1313
4129
4304
2507
808
3976
3208
7009
503
4800
3169
4036
4649
3229
4553
2672
1935
2947
2865
4889
3729
2968
3035
7363
2489
2716
4451
4530
3576
2715
1024
1222
4632
1957
2519
2635
2641
1169
4066
7575
2188
6836
1328
6714
4509
6513
1358
