1043
2833
1501
914
1142
375
1596
960
1133
1012
3384
1410
610
3404
1495
2481
349
2491
1029
1846
1806
1749
3334
2043
2947
1258
2615
3104
484
1530
1773
1065
2604
954
1038
17
1365
1645
1993
2515
939
1219
239
1797
1140
2511
3439
649
2933
545
123
509
788
458
78
163
5
439
985
1463
1472
2367
1074
978
1754
161
665
504
1965
2842
2320
1738
2528
659
1953
132
840
3050
1315
2625
138
1742
316
3074
2953
768
3233
1113
793
1796
1237
2736
24
1809
416
3116
2576
2308
409
325
1278
19
564
3106
2702
1198
1418
268
10
2548
1394
608
965
2916
3373
233
2281
2471
213
1827
656
2685
2954
674
1312
3032
1349
1691
678
1800
1080
2450
1032
289
3005
3288
2776
666
2885
3333
388
2717
559
1382
45
2276
2544
1239
3308
1843
2228
2633
827
3422
1830
1380
1600
1737
3097
836
1412
2076
971
83
2705
2352
2761
3152
2400
1393
643
2925
174
107
711
1881
2251
2877
2465
1554
3183
397
1306
3331
1236
1518
2733
2204
3081
3264
2509
841
3393
2632
897
947
2750
1107
1059
556
928
891
995
1740
843
1542
1223
1607
2146
828
2521
1085
2270
47
1460
1837
1259
2724
1270
1013
1482
346
1324
1447
3088
2061
1265
996
769
1165
636
450
1262
462
191
2984
1336
673
1454
2111
2911
2666
1110
54
1075
1184
2080
1209
2223
2964
2443
1710
3037
1823
1684
3259
52
3061
1128
761
356
2873
1915
2082
2150
1192
2144
587
428
2039
1069
2458
2635
549
1985
2297
271
1654
26
3230
3128
1106
1921
2649
2018
3254
1456
3059
990
1848
1011
2941
2636
1183
2620
2004
46
3120
1988
1350
1768
1578
742
1284
1255
1880
1252
2926
804
835
66
190
2757
617
1890
3045
1300
3098
2773
2835
1734
1041
2600
1123
599
433
112
906
297
378
88
1515
964
320
1926
1313
1762
825
216
2965
979
598
1718
1222
1966
3158
2062
3258
178
3326
754
3298
119
2698
2665
986
3096
902
3140
1304
2049
1045
445
2420
1945
1590
3229
1697
11
2087
1616
3065
2921
697
2315
3170
1900
1786
1839
2284
579
2153
1758
1761
1653
2377
664
2673
1605
301
2951
2331
2884
2527
396
1204
3159
2099
853
1613
1681
991
2787
817
2505
3034
2606
3374
333
2968
187
201
2128
2269
1151
2867
729
2449
2812
2592
1152
440
3164
2069
829
753
3198
2193
35
3107
3244
1771
2624
603
644
235
3090
2217
1053
1671
1308
3153
106
1970
3364
2955
909
1955
2098
3080
884
704
1433
1977
2191
2474
311
2644
619
999
2184
279
2241
57
706
2106
2559
701
1589
1522
871
3225
109
547
2980
1246
1279
1058
2949
3223
145
2032
2079
2112
890
1885
1416
463
1678
137
3430
3165
2438
335
2482
2096
2475
2489
1028
1144
270
2906
2368
2629
2897
1079
2085
3222
1397
2272
3058
799
1073
2321
1959
1450
64
478
791
318
3274
1362
493
1875
2874
202
2987
166
1335
3383
2564
586
2462
2149
2296
1141
837
1928
1333
1403
2354
1274
1084
2070
2571
3400
1301
2318
1234
2373
2551
238
2461
392
3300
860
1895
2639
3189
3297
2104
1311
263
1650
2603
2258
1807
511
1493
1481
877
3069
251
1341
2995
1267
657
2771
1896
2915
415
1389
2890
1224
2719
747
567
758
1355
632
2233
2585
1504
967
434
2552
642
3108
196
298
3335
1793
3261
830
3007
1338
887
1847
3006
3135
3291
3193
789
534
1694
2907
1855
3369
55
2131
2192
2640
2662
2168
1689
2244
3011
2591
1364
560
1581
3125
1374
1196
602
2072
1385
2938
2881
2809
2091
1444
2337
740
2499
3023
1388
1892
3024
3208
2765
387
2811
2875
1803
444
693
2821
1190
3361
391
2299
2531
1249
1907
2370
1061
1457
2753
1824
1103
322
1944
2183
2467
2735
1099
2433
1193
989
3091
2063
2853
2188
2710
1280
1143
623
2423
2013
2714
2602
690
248
1782
879
49
3252
2605
3073
506
576
2851
818
1615
2526
680
3249
242
2693
2738
2404
1366
771
966
658
1825
2126
1496
3306
2645
3302
2314
2265
2019
1563
1836
2058
1750
592
1592
2266
1850
1406
1050
2747
1574
1271
1462
630
790
2358
808
2613
3227
122
2919
165
2936
2689
582
3413
2722
2712
3014
2447
3093
425
3017
1840
611
770
1378
854
2880
158
332
2225
1321
2073
360
2970
1486
3358
2977
2695
2083
75
264
1863
1814
668
3110
2974
2813
2929
2230
532
2287
3317
1317
3390
3126
3129
363
1700
2334
931
1240
3314
992
1828
3241
1947
2850
1614
182
2260
1383
2402
232
1186
505
1537
2231
3322
1726
2145
2476
743
2791
3323
969
2782
1835
2566
1042
1497
431
1005
3149
2529
203
2125
1932
725
1877
580
2214
2346
2869
2798
2323
3327
1158
3325
527
2656
3133
1513
2327
494
269
514
1121
3186
2572
1539
1344
3064
779
867
1790
2998
39
472
3151
546
948
1676
1318
1351
508
3
2504
293
193
33
1439
1010
1679
50
1889
1720
2011
1206
2775
2378
1319
3281
3283
405
1328
1910
1048
220
222
1511
1935
2697
1753
2376
515
695
1845
2990
1937
1844
1838
2298
2026
13
1811
558
1919
1323
32
2044
2343
2627
734
585
541
2479
2210
134
228
1449
1852
2025
1187
159
2716
1019
2001
2324
2819
1717
1632
2215
3203
1817
267
1215
2306
1233
1057
1975
699
1295
90
3235
1489
893
15
331
1950
382
1853
925
500
2139
653
798
1638
1102
994
142
186
299
3329
1630
1622
2766
686
1062
80
2912
1608
3362
633
757
480
801
227
1641
2824
3192
3405
1292
36
324
1580
482
1744
613
1856
2904
169
823
2485
1927
1114
3418
198
2312
3421
1585
1044
1174
63
609
2523
1834
737
1544
2663
2394
2255
552
313
3119
2861
2823
495
2309
200
1329
2634
1498
2581
1371
3379
3410
3066
516
1003
2780
1854
2638
3312
2052
3354
1147
1159
741
2756
2179
1326
597
722
2899
72
3213
1434
2779
1869
2207
3442
435
2226
1109
3101
2355
393
1473
2772
1257
1235
2872
286
68
2335
1384
700
1478
2077
3099
528
944
2127
2201
59
2218
3166
1884
3349
2344
3008
1713
1136
2758
2048
1500
2047
3136
936
2588
2021
1096
408
1026
1543
1922
2155
3041
1466
1149
2118
612
2016
1178
1407
295
3042
682
629
1862
523
787
3072
2081
1565
3067
1443
620
2421
272
1220
3275
419
486
593
1035
855
139
1979
390
3057
3212
410
2116
3287
2247
1933
1791
2519
2887
323
1961
3365
3425
2239
935
3290
1739
2943
2002
3337
2961
40
1941
206
94
554
1787
2981
2503
254
3146
2442
1969
530
1266
1714
1756
1153
1931
667
2292
896
1570
2211
2900
2242
1226
1813
339
1861
641
2424
2948
1831
1314
1320
42
1648
1990
531
1421
2651
87
3219
2196
422
1386
8
2185
3294
2742
2669
915
1507
618
2163
3311
2431
2745
940
2616
1999
1866
2846
1832
735
882
3000
655
2960
2375
942
3176
568
2598
522
2642
1601
3145
1401
2351
2024
2325
221
2208
974
631
70
2682
1068
3156
3150
1425
2507
2495
101
3028
1060
1002
930
1231
760
2737
160
1995
1561
1594
3217
315
1725
261
3341
2939
2133
150
197
3020
1431
2679
2497
2586
3289
2834
1025
2234
1179
2781
2342
3220
2275
1420
309
2579
208
660
2703
3084
2010
883
2071
540
2117
115
3403
621
278
2713
1046
21
28
2045
2407
2164
565
2290
732
2000
1722
2267
832
1172
694
1958
1381
1888
870
2762
2687
2895
1076
2905
2536
1802
3185
2406
2664
2095
1396
2055
3396
2372
685
2466
454
2392
900
2568
2759
3039
2454
2856
